pos_val
75.42150242550244
0.0
99.12150242550244
0.0
99.12150242550244
0.0
50.0
0.0
30.0
0.0
99.12150242550244
0.0
96.64044022869024
0.0
96.64044022869024
0.0
96.64044022869024
0.0
94.15937803187805
0.0
94.15937803187805
0.0
94.15937803187805
0.0
91.67831583506585
0.0
91.67831583506585
0.0
91.67831583506585
0.0
89.19725363825364
0.0
89.19725363825364
0.0
0.0
89.19725363825364
0.0
86.71619144144145
0.0
86.71619144144145
0.0
86.71619144144145
0.0
84.23512924462925
0.0
84.23512924462925
0.0
84.23512924462925
0.0
81.75406704781707
0.0
81.75406704781707
0.0
81.75406704781707
0.0
79.27300485100486
0.0
79.27300485100486
0.0
79.27300485100486
0.0
76.79194265419268
0.0
76.79194265419268
0.0
76.79194265419268
0.0
74.31088045738046
0.0
74.31088045738046
0.0
74.31088045738046
0.0
50.0
75.0
0.0
75.0
25.0
90.0
158.38235321971692
59.42235321971691
90.0
59.42235321971692
0.0
108.90235321971691
100.0
90.0
85.0
86.0
84.0
85.0
86.0
86.5
85.5
86.0
86.5
85.5
85.75
85.25
85.5
85.50235321971692
94.58304086004955
89.62091646642517
85.50235321971692
89.62091646642517
94.58304086004955
0.0
85.50235321971692
94.58304086004955
89.62091646642517
0.0
85.50235321971692
89.62091646642517
94.58304086004955
0.0
85.50235321971692
89.62091646642517
94.58304086004955
0.0
85.50235321971692
89.62091646642517
94.58304086004955
0.0
85.50235321971692
89.62091646642517
94.58304086004955
89.62091646642517
85.50235321971692
0.0
50.0
0.0
50.0
0.0
50.0
0.0
63.316191441441454
75.72150242550245
50.910880457380465
75.72150242550245
75.72150242550245
74.48097132709634
75.72150242550245
75.72150242550245
75.72150242550245
75.72150242550245
75.72150242550245
74.48097132709634
73.24044022869023
71.99990913028412
70.75937803187804
69.51884693347193
68.27831583506585
75.72150242550245
75.72150242550245
75.72150242550245
75.72150242550245
75.72150242550245
75.72150242550245
74.48097132709634
73.24044022869023
71.99990913028412
70.75937803187804
69.51884693347193
68.27831583506585
67.03778473665975
65.79725363825364
64.55672253984756
63.316191441441454
62.07566034303536
60.83512924462925
59.594598146223156
58.354067047817075
57.11353594941097
55.87300485100486
54.63247375259875
53.39194265419268
52.151411555786574
75.72150242550245
74.48097132709634
73.24044022869023
71.99990913028412
70.75937803187804
69.51884693347193
68.27831583506585
67.03778473665975
65.79725363825364
64.55672253984756
63.316191441441454
62.07566034303536
60.83512924462925
59.594598146223156
58.354067047817075
57.11353594941097
55.87300485100486
54.63247375259875
53.39194265419268
52.151411555786574
75.72150242550245
75.72150242550245
74.54004423654425
73.35858604758604
72.17712785862787
70.9956696696697
69.81421148071149
68.63275329175329
67.45129510279511
66.26983691383694
65.08837872487874
63.90692053592054
62.72546234696237
61.544004158004164
60.362545969045975
59.181087780087786
57.99962959112961
56.81817140217141
55.63671321321322
54.45525502425503
53.27379683529686
52.09233864633867
75.72150242550245
75.72150242550245
74.48097132709634
73.24044022869023
71.99990913028412
70.75937803187804
69.51884693347193
68.27831583506585
67.03778473665975
65.79725363825364
64.55672253984756
63.316191441441454
62.07566034303536
60.83512924462925
59.594598146223156
58.354067047817075
57.11353594941097
55.87300485100486
54.63247375259875
53.39194265419268
52.151411555786574
50.910880457380465
88.52352446550276
81.08033787506619
88.52352446550276
84.55382495060326
81.08033787506619
88.52352446550276
88.52352446550276
87.28299336709668
86.04246226869057
84.80193117028446
83.56140007187838
82.32086897347227
81.08033787506619
79.83980677666008
78.59927567825397
77.35874457984787
76.11821348144179
74.8776823830357
73.6371512846296
72.39662018622349
71.1560890878174
69.9155579894113
68.67502689100519
67.43449579259908
66.193964694193
64.95343359578689
63.7129024973808
81.08033787506619
0.0
50.0
50.0
50.0
60.0
70.0
80.0
100.0
0.0
100.0
88.52352446550276
50.0
88.52352446550276
83.56140007187838
81.08033787506619
70.0
65.0
95.0
88.52352446550276
85.73981826203848
86.25589618120969
84.30427399348778
90.85712406397886
50.0
75.0
82.67386767109267
93.40386767109267
118.74386767109267
70.07386767109267
75.07386767109267
17.0
0.0
60.0
50.0
40.0
30.0
20.0
10.0
7.0
6.0
5.0
4.0
3.0
2.0
1.0
75.0
77.0
74.0
75.0
75.5
75.0
74.5
75.0
75.25
75.55
75.25
75.0
75.07386767109267
79.14280967386468
69.66515208204208
79.14280967386468
75.07386767109267
80.92352446550277
80.92352446550277
80.67541824582155
80.42731202614033
80.17920580645911
79.93109958677788
79.68299336709667
79.43488714741545
79.18678092773423
78.938674708053
78.6905684883718
78.44246226869058
78.19435604900934
77.94624982932812
77.69814360964692
77.4500373899657
77.20193117028447
76.95382495060325
76.70571873092204
76.45761251124081
76.20950629155959
75.96140007187837
75.71329385219715
75.46518763251595
75.2170814128347
74.96897519315348
74.72086897347226
74.47276275379106
74.22465653410984
73.97655031442862
73.72844409474739
73.48033787506618
73.23223165538495
72.98412543570373
72.73601921602251
72.48791299634131
72.23980677666009
71.99170055697886
71.74359433729764
71.49548811761642
71.2473818979352
70.99927567825398
70.75116945857276
70.50306323889154
70.25495701921032
70.0068507995291
69.75874457984787
69.51063836016667
69.26253214048545
69.01442592080423
68.76631970112301
68.51821348144178
68.27010726176056
68.02200104207934
67.77389482239812
67.5257886027169
67.2776823830357
67.02957616335446
66.78146994367324
66.53336372399201
66.2852575043108
66.03715128462959
